unsorted merge:
iterative: 0.012239 0.012522 0.012807 0.036428 0.034300 = .1082/5 = .0216
recursive: 0.012358 0.034420 0.035086 0.013047 0.012386 = .1070/5 = .0214

sorted merge:
iterative: 0.011000 0.010382 0.028430 0.029780 0.011174 = .0905/5 = .0181
recursive: 0.013033 0.011671 0.010945 0.030319 0.010939 = .0767/5 = .0153